


Falsa posição:
interação|      a       |      b       |      x1      |      ea     |     f(x1)   |
       0 |    01,93902661|    02,10000000|    01,93902661|    08,30176301|    00,06289328|
       1 |    01,95183107|    02,10000000|    01,95183107|    00,65602313|    00,02151733|
       2 |    01,95608599|    02,10000000|    01,95608599|    00,21752220|    00,00724999|
       3 |    01,95750549|    02,10000000|    01,95750549|    00,07251578|    00,00242990|
       4 |    01,95797967|    02,10000000|    01,95797967|    00,02421756|    00,00081295|
       5 |    01,95813813|    02,10000000|    01,95813813|    00,00809252|    00,00027182|
       6 |    01,95819109|    02,10000000|    01,95819109|    00,00270472|    00,00009087|
       7 |    01,95820880|    02,10000000|    01,95820880|    00,00090404|    00,00003037|
       8 |    01,95821471|    02,10000000|    01,95821471|    00,00030218|    00,00001015|
       9 |    01,95821669|    02,10000000|    01,95821669|    00,00010101|    00,00000339|
      10 |    01,95821735|    02,10000000|    01,95821735|    00,00003376|    00,00000113|
      11 |    01,95821757|    02,10000000|    01,95821757|    00,00001129|    00,00000038|
      12 |    01,95821765|    02,10000000|    01,95821765|    00,00000377|    00,00000013|
      13 |    01,95821767|    02,10000000|    01,95821767|    00,00000126|    00,00000004|


Falsa posição:
interação|      a       |      b       |      x1      |      ea     |     f(x1)   |
       0 |    03,64047802|    03,80000000|    03,64047802|    04,38189654|    00,27044128|
       1 |    03,65988738|    03,80000000|    03,65988738|    00,53032680|    00,13956121|
       2 |    03,66923533|    03,80000000|    03,66923533|    00,25476553|    00,06975530|
       3 |    03,67374642|    03,80000000|    03,67374642|    00,12279276|    00,03428516|
       4 |    03,67592539|    03,80000000|    03,67592539|    00,05927663|    00,01670965|
       5 |    03,67697834|    03,80000000|    03,67697834|    00,02863643|    00,00810997|
       6 |    03,67748728|    03,80000000|    03,67748728|    00,01383918|    00,00392815|
       7 |    03,67773329|    03,80000000|    03,67773329|    00,00668925|    00,00190076|
       8 |    03,67785222|    03,80000000|    03,67785222|    00,00323356|    00,00091931|
       9 |    03,67790971|    03,80000000|    03,67790971|    00,00156315|    00,00044452|
      10 |    03,67793750|    03,80000000|    03,67793750|    00,00075567|    00,00021492|
      11 |    03,67795094|    03,80000000|    03,67795094|    00,00036531|    00,00010390|
      12 |    03,67795743|    03,80000000|    03,67795743|    00,00017660|    00,00005023|
      13 |    03,67796057|    03,80000000|    03,67796057|    00,00008538|    00,00002428|
      14 |    03,67796209|    03,80000000|    03,67796209|    00,00004127|    00,00001174|
      15 |    03,67796282|    03,80000000|    03,67796282|    00,00001995|    00,00000568|
      16 |    03,67796318|    03,80000000|    03,67796318|    00,00000965|    00,00000274|
      17 |    03,67796335|    03,80000000|    03,67796335|    00,00000466|    00,00000133|
      18 |    03,67796343|    03,80000000|    03,67796343|    00,00000225|    00,00000064|
      19 |    03,67796347|    03,80000000|    03,67796347|    00,00000109|    00,00000031|
      20 |    03,67796349|    03,80000000|    03,67796349|    00,00000053|    00,00000015|
      21 |    03,67796350|    03,80000000|    03,67796350|    00,00000025|    00,00000007|


Falsa posição:
interação|      a       |      b       |      x1      |      ea     |     f(x1)   |
       0 |    05,26476343|    05,40000000|    05,26476343|    02,56871129|    00,64432354|
       1 |    05,29388537|    05,40000000|    05,29388537|    00,55010526|    00,33224747|
       2 |    05,30704054|    05,40000000|    05,30704054|    00,24788141|    00,16065724|
       3 |    05,31299427|    05,40000000|    05,31299427|    00,11205981|    00,07509702|
       4 |    05,31569100|    05,40000000|    05,31569100|    00,05073153|    00,03452789|
       5 |    05,31691292|    05,40000000|    05,31691292|    00,02298185|    00,01575260|
       6 |    05,31746669|    05,40000000|    05,31746669|    00,01041401|    00,00716119|
       7 |    05,31771766|    05,40000000|    05,31771766|    00,00471963|    00,00325021|
       8 |    05,31783141|    05,40000000|    05,31783141|    00,00213906|    00,00147406|
       9 |    05,31788297|    05,40000000|    05,31788297|    00,00096951|    00,00066830|
      10 |    05,31790634|    05,40000000|    05,31790634|    00,00043942|    00,00030295|
      11 |    05,31791693|    05,40000000|    05,31791693|    00,00019917|    00,00013732|
      12 |    05,31792173|    05,40000000|    05,31792173|    00,00009027|    00,00006224|
      13 |    05,31792391|    05,40000000|    05,31792391|    00,00004092|    00,00002821|
      14 |    05,31792489|    05,40000000|    05,31792489|    00,00001854|    00,00001279|
      15 |    05,31792534|    05,40000000|    05,31792534|    00,00000841|    00,00000580|
      16 |    05,31792554|    05,40000000|    05,31792554|    00,00000381|    00,00000263|
      17 |    05,31792563|    05,40000000|    05,31792563|    00,00000173|    00,00000119|
      18 |    05,31792568|    05,40000000|    05,31792568|    00,00000078|    00,00000054|
      19 |    05,31792569|    05,40000000|    05,31792569|    00,00000035|    00,00000024|
      20 |    05,31792570|    05,40000000|    05,31792570|    00,00000016|    00,00000011|
      21 |    05,31792571|    05,40000000|    05,31792571|    00,00000007|    00,00000005|


Falsa posição:
interação|      a       |      b       |      x1      |      ea     |     f(x1)   |
       0 |    06,86297510|    07,00000000|    06,86297510|    01,99658168|    01,13832280|
       1 |    06,89491874|    07,00000000|    06,89491874|    00,46329257|    00,68506697|
       2 |    06,91116999|    07,00000000|    06,91116999|    00,23514459|    00,38487941|
       3 |    06,91944919|    07,00000000|    06,91944919|    00,11965115|    00,20705903|
       4 |    06,92366988|    07,00000000|    06,92366988|    00,06096036|    00,10865735|
       5 |    06,92582230|    07,00000000|    06,92582230|    00,03107814|    00,05625374|
       6 |    06,92692015|    07,00000000|    06,92692015|    00,01584903|    00,02891655|
       7 |    06,92748016|    07,00000000|    06,92748016|    00,00808392|    00,01480929|
       8 |    06,92776583|    07,00000000|    06,92776583|    00,00412361|    00,00756997|
       9 |    06,92791156|    07,00000000|    06,92791156|    00,00210354|    00,00386572|
      10 |    06,92798591|    07,00000000|    06,92798591|    00,00107309|    00,00197311|
      11 |    06,92802383|    07,00000000|    06,92802383|    00,00054742|    00,00100684|
      12 |    06,92804318|    07,00000000|    06,92804318|    00,00027926|    00,00051370|
      13 |    06,92805305|    07,00000000|    06,92805305|    00,00014246|    00,00026208|
      14 |    06,92805809|    07,00000000|    06,92805809|    00,00007268|    00,00013370|
      15 |    06,92806065|    07,00000000|    06,92806065|    00,00003708|    00,00006821|
      16 |    06,92806196|    07,00000000|    06,92806196|    00,00001891|    00,00003480|
      17 |    06,92806263|    07,00000000|    06,92806263|    00,00000965|    00,00001775|
      18 |    06,92806297|    07,00000000|    06,92806297|    00,00000492|    00,00000906|
      19 |    06,92806315|    07,00000000|    06,92806315|    00,00000251|    00,00000462|
      20 |    06,92806324|    07,00000000|    06,92806324|    00,00000128|    00,00000236|
      21 |    06,92806328|    07,00000000|    06,92806328|    00,00000065|    00,00000120|
      22 |    06,92806331|    07,00000000|    06,92806331|    00,00000033|    00,00000061|
      23 |    06,92806332|    07,00000000|    06,92806332|    00,00000017|    00,00000031|
      24 |    06,92806332|    07,00000000|    06,92806332|    00,00000009|    00,00000016|
      25 |    06,92806333|    07,00000000|    06,92806333|    00,00000004|    00,00000008|


Falsa posição:
interação|      a       |      b       |      x1      |      ea     |     f(x1)   |
       0 |    08,50828433|    08,60000000|    08,50828433|    01,07795733|    00,52792806|
       1 |    08,51372559|    08,60000000|    08,51372559|    00,06391171|    00,36181267|
       2 |    08,51730023|    08,60000000|    08,51730023|    00,04196908|    00,24467247|
       3 |    08,51964889|    08,60000000|    08,51964889|    00,02756758|    00,16392084|
       4 |    08,52119217|    08,60000000|    08,52119217|    00,01811117|    00,10912149|
       5 |    08,52220631|    08,60000000|    08,52220631|    00,01189997|    00,07232927|
       6 |    08,52287276|    08,60000000|    08,52287276|    00,00781950|    00,04780409|
       7 |    08,52331073|    08,60000000|    08,52331073|    00,00513848|    00,03153428|
       8 |    08,52359855|    08,60000000|    08,52359855|    00,00337680|    00,02077537|
       9 |    08,52378771|    08,60000000|    08,52378771|    00,00221914|    00,01367571|
      10 |    08,52391202|    08,60000000|    08,52391202|    00,00145838|    00,00899727|
      11 |    08,52399372|    08,60000000|    08,52399372|    00,00095843|    00,00591716|
      12 |    08,52404741|    08,60000000|    08,52404741|    00,00062987|    00,00389056|
      13 |    08,52408269|    08,60000000|    08,52408269|    00,00041395|    00,00255765|
      14 |    08,52410588|    08,60000000|    08,52410588|    00,00027205|    00,00168122|
      15 |    08,52412112|    08,60000000|    08,52412112|    00,00017879|    00,00110505|
      16 |    08,52413114|    08,60000000|    08,52413114|    00,00011750|    00,00072630|
      17 |    08,52413772|    08,60000000|    08,52413772|    00,00007722|    00,00047735|
      18 |    08,52414205|    08,60000000|    08,52414205|    00,00005075|    00,00031373|
      19 |    08,52414489|    08,60000000|    08,52414489|    00,00003335|    00,00020619|
      20 |    08,52414676|    08,60000000|    08,52414676|    00,00002192|    00,00013551|
      21 |    08,52414798|    08,60000000|    08,52414798|    00,00001441|    00,00008906|
      22 |    08,52414879|    08,60000000|    08,52414879|    00,00000947|    00,00005853|
      23 |    08,52414932|    08,60000000|    08,52414932|    00,00000622|    00,00003847|
      24 |    08,52414967|    08,60000000|    08,52414967|    00,00000409|    00,00002528|
      25 |    08,52414990|    08,60000000|    08,52414990|    00,00000269|    00,00001661|
      26 |    08,52415005|    08,60000000|    08,52415005|    00,00000177|    00,00001092|
      27 |    08,52415015|    08,60000000|    08,52415015|    00,00000116|    00,00000718|
      28 |    08,52415021|    08,60000000|    08,52415021|    00,00000076|    00,00000472|
      29 |    08,52415026|    08,60000000|    08,52415026|    00,00000050|    00,00000310|
      30 |    08,52415029|    08,60000000|    08,52415029|    00,00000033|    00,00000204|
      31 |    08,52415030|    08,60000000|    08,52415030|    00,00000022|    00,00000134|
      32 |    08,52415032|    08,60000000|    08,52415032|    00,00000014|    00,00000088|
      33 |    08,52415032|    08,60000000|    08,52415032|    00,00000009|    00,00000058|
      34 |    08,52415033|    08,60000000|    08,52415033|    00,00000006|    00,00000038|
      35 |    08,52415033|    08,60000000|    08,52415033|    00,00000004|    00,00000025|
      36 |    08,52415033|    08,60000000|    08,52415033|    00,00000003|    00,00000016|
      37 |    08,52415034|    08,60000000|    08,52415034|    00,00000002|    00,00000011|
      38 |    08,52415034|    08,60000000|    08,52415034|    00,00000001|    00,00000007|